13.175 36.803 29.344
15.65 43.609 32.282
6.335 39.045 29.74
12.91 34.953 30.709
11.806 36.81 31.102
15.496 36.222 28.443
11.873 39.521 29.302
16.389 35.092 31.93
14.343 36.733 31.414
3.654 37.366 32.905
9.607 37.753 29.688
11.722 37.928 30.672
6.382 38.631 29.405
15.147 36.141 29.304
15.476 36.19 29.789
15.378 36.47 28.752
12.128 37.321 29.623
10.758 35.416 32.502
16.769 35.432 31.729
13.533 34.091 34.041
14.349 35.355 30.467
14.115 34.543 31.907
14.966 34.774 33.002
9.282 36.634 29.749
4.027 36.349 33.033
13.205 40.812 37.206
11.234 36.276 30.698
11.867 44.017 33.233
9.828 37.406 32.381
5.64 36.743 31.563
17.092 36.215 29.815
12.089 35.235 30.398
13.107 36.209 30.298
14.391 34.087 32.04
16.901 35.386 31.36
10.602 42.672 30.317
5.822 36.397 31.368
17.109 37.499 28.774
10.198 35.245 31.71
16.976 39.003 30.101
11.552 35.446 30.876
15.462 37.081 29.214
16.21 33.755 33.887
13.044 38.323 29.891
13.738 38.321 29.542
11.509 38.597 29.451
17.11 37.448 30.964
17.842 43.468 34.519
13.97 40.352 32.749
11.945 41.16 31.297
12.934 36.999 31.394
7.949 35.641 31.871
6.243 42.544 34.294
5.439 37.157 31.027
13.621 40.426 30.441
11.51 36.733 28.801
10.552 34.918 31.766
10.019 35.563 30.828
18.619 39.373 32.63
13.537 34.412 32.376
17.8 37.078 33.524
6.951 35.658 32.242
13.295 36.442 28.952
8.292 36.334 30.299
14.563 37.856 29.081
16.71 35.841 29.823
12.367 36.935 30.621
14.755 35.069 32.185
2.452 37.778 32.771
14.426 34.726 33.982
16.048 35.773 29.356
16.721 34.62 32.592
15.968 36.683 28.561
13.863 35.626 29.509
14.54 35.963 30.775
16.246 34.998 31.606
11.142 41.469 32.389
18.17 36.224 32.151
16.6 35.892 29.316
15.583 35.402 29.975
15.195 36.365 29.737
3.48 36.659 32.668
16.52 35.444 30.852
10.63 40.155 29.793
16.115 34.729 31.539
13.007 34.289 32.174
16.07 35.225 31.031
15.846 35.106 32.11
11.724 42.084 29.618
5.834 43.873 31.107
14.851 33.46 34.561
15.413 36.034 28.81
13.608 36.374 31.097
11.794 36.45 29.003
8.492 36.325 30.192
7.98 36.598 29.955
16.642 34.875 32.081
16.719 36.169 29.32
12.932 39.115 30.858
3.262 40.295 30.421
17.092 36.899 29.175
10.322 36.417 32.196
16.417 41.535 31.401
16.954 35.805 30.418
8.419 36.429 30.653
15.278 36.639 30.554
15.742 34.868 32.426
17.089 37.544 28.735
19.184 39.856 31.214
2.814 39.212 30.642
5.008 39.788 33.054
9.133 37.88 29.572
11.655 37.942 30.182
3.332 40.511 31.158
9.078 41.637 29.848
2.781 39.494 33.548
15.285 36.009 29.676
14.487 37.569 29.794
13.379 38.684 29.846
16.409 35.868 29.822
17.292 35.838 31.168
12.602 36.325 32.556
7.714 36.021 31.15
7.846 36.506 30.203
12.766 34.558 34.501
16.779 35.9 29.876
14.712 38.178 29.39
18.934 39.504 30.641
15.188 37.24 29.223
3.153 37.262 31.763
13.736 36.938 30.855
7.499 40.4 30.837
11.216 36.177 29.231
18.764 41.992 31.084
7.695 35.791 31.55
15.763 37.574 28.977
17.547 36.315 30.982
7.278 35.59 33.163
16.717 36.988 29.413
12.798 36.839 30.729
8.461 36.017 30.754
13.468 36.455 30.373
15.579 37.055 28.705
11.329 38.341 32.42
17.583 35.021 35.29
8.452 34.928 32.865
4.674 40.272 31.481
16.971 34.898 33.149
16.062 34.315 32.106
8.775 36.048 30.553
15.37 36.286 35.08
18.345 36.092 33.686
15.004 34.146 34.304
11.433 35.968 29.393
10.255 38.872 30.883
16.082 36.276 28.395
11.335 43.212 30.584
4.837 36.853 31.004
16.296 34.951 32.363
15.926 34.45 32.111
17.044 35.043 32.412
11.754 34.671 31.795
12.599 38.373 30.244
11.568 42.566 30.729
17.127 36.243 30.028
12.089 41.338 30.33
7.284 41.37 29.836
13.387 36.125 31.795
11.337 39.379 30.599
15.331 39.363 29.64
12.91 40.277 30.623
6.128 41.982 31.539
14.492 36.316 30.018
18.681 35.736 34.937
15.036 36.067 32.309
12.803 37.279 29.179
12.486 38.704 30.068
17.503 36.107 31.161
15.794 37.601 28.882
13.4 40.344 29.416
12.258 36.756 30.024
11.971 39.012 29.937
9.803 36.17 31.772
13.063 38.118 29.146
15.652 34.165 32.613
19.126 39.315 30.768
16.08 35.622 29.712
15.308 36.142 30.277
7.601 36.629 34.006
12.806 39.169 29.569
18.17 37.537 29.458
16.867 36.098 30.023
14.628 36.579 28.572
17.135 37.159 28.705
16.306 34.763 33.198
12.494 35.382 30.966
12.783 37.186 29.389
9.524 36.806 29.736
11.08 36.393 31.318
16.476 38.732 33.912
7.182 40.853 29.951
16.323 36.052 35.91
16.609 36.482 30.024
12.54 36.387 31.949
12.669 35.14 30.359
15.885 35.755 28.924
18.894 37.268 32.312
12.831 39.076 29.749
14.512 35.243 31.373
14.503 39.341 32.332
5.754 39.372 30.124
16.642 35.132 32.42
11.658 39.439 29.37
16.829 34.794 32.342
18.184 44.86 35.532
4.753 38.023 29.699
14.479 36.216 29.169
16.066 36.671 30.482
11.234 40.959 29.674
9.76 38.767 31.113
13.581 35.841 31.993
8.209 46.019 32.618
16.86 35.265 31.587
17.251 37.464 28.859
7.871 37.306 31.118
16.949 36.125 29.775
17.526 36.004 31.615
3.292 39.153 31.039
18.512 38.713 30.717
6.561 35.937 31.892
9.674 38.966 30.193
13.086 34.947 31.83
16.124 34.896 30.911
16.863 35.291 31.521
16.221 41.001 30.619
17.359 35.087 32.832
16.64 35.409 31.47
13.185 33.83 33.146
16.941 35.821 31.138
11.692 43.223 30.648
16.141 34.136 32.797
12.181 39.726 29.515
9.909 35.958 30.158
14.712 37.188 28.792
10.688 34.321 32.825
10.786 35.538 30.492
14.378 34.951 30.295
19.774 42.502 32.231
16.87 35.189 31.601
14.583 37.528 29.062
