64.703 64.934 86.255
15.207 34.894 38.625
13.359 31.911 32.309
30.5 32.541 44.033
11.946 26.805 30.543
17.395 30.361 42.654
10.931 29.518 34.007
14.01 32.075 33.251
29.391 33.531 42.009
37.633 47.982 55.535
11.856 30.591 25.939
24.075 44.423 54.676
12.14 25.996 33.287
13.497 27.481 38.127
23.882 35.778 31.02
14.143 37.023 30.74
15.188 27.354 35.041
9.393 29.998 28.446
38.604 40.926 52.469
23.433 42.306 52.943
13.12 38.2 35.591
20.296 33.764 31.989
41.05 45.778 55.762
41.09 49.715 58.102
14.949 29.148 34.821
13.263 34.583 31.918
16.616 39.393 37.094
42.554 42.911 64.144
19.987 44.093 50.597
13.179 33.954 36.256
13.293 38.823 42.979
18.203 38.346 41.223
29.155 37.247 46.481
30.184 43.441 26.621
16.251 32.451 34.675
31.366 42.688 43.373
14.319 30.63 49.715
15.795 29.606 39.458
31.719 44.992 56.741
13.31 28.175 29.487
14.83 37.14 47.9
31.12 35.126 42.232
14.204 38.593 38.16
13.991 36.276 38.381
15.316 37.811 29.828
11.642 30.572 33.435
13.131 28.075 30.331
20.061 37.936 43.976
13.389 30.876 24.658
13.72 33.95 35.442
22.181 39.732 26.76
23.795 30.568 38.437
45.888 45.958 64.768
9.257 28.868 31.879
54.802 53.62 77.06
13.718 32.266 22.805
20.743 37.831 47.948
12.523 31.623 34.44
15.276 41.747 39.59
13.282 27.028 36.582
13.437 25.645 35.54
15.968 38.782 30.375
17.368 28.85 33.246
12.867 32.819 33.017
35.122 36.479 54.558
15.536 39.939 34.676
15.914 38.124 28.722
11.378 27.625 36.985
14.159 42.058 34.126
24.045 41.036 56.468
19.167 33.395 36.924
13.09 30.461 25.082
13.831 40.485 39.537
16.608 42.821 41.278
13.798 33.756 34.113
14.59 36.956 37.708
12.282 32.115 28.377
15.479 31.261 34.118
19.778 37.232 41.375
12.242 30.785 28.874
19.707 32.25 41.924
36.578 41.41 54.658
20.574 37.254 43.666
22.137 28.686 41.742
12.611 27.01 30.833
22.514 31.821 34.166
10.85 34.181 33.549
27.903 31.575 37.368
19.477 31.201 36.033
14.178 42.527 42.756
14.108 32.073 36.332
15.726 41.516 29.104
12.414 28.896 29.57
28.741 39.382 42.382
25.736 29.98 44.136
19.269 35.768 51.74
13.435 35.165 33.745
32.032 36.699 48.265
41.359 49.569 65.414
20.319 28.772 44.944
13.315 34.065 40.972
27.054 43.446 53.287
45.721 54.514 66.691
18.613 33.692 34.736
13.504 32.467 26.295
26.997 45.402 49.064
12.393 31.858 25.918
13.805 32.658 37.39
27.852 50.133 62.004
35.339 36.681 51.178
15.83 32.93 39.137
12.742 31.68 30.983
11.358 30.666 24.536
12.317 30.202 30.559
16.532 35.972 40.454
11.545 25.918 36.0
14.028 29.916 25.332
13.327 34.478 42.359
15.423 34.447 36.228
17.637 39.868 42.519
32.284 35.99 41.725
40.095 47.976 56.643
26.02 37.126 40.492
12.8 29.449 29.368
17.953 37.644 37.642
18.565 34.217 47.53
19.572 30.746 41.712
14.285 30.51 32.363
13.479 29.786 30.474
12.715 28.535 27.727
13.218 26.993 30.196
13.533 25.92 38.108
24.231 39.529 48.02
19.791 37.354 57.659
10.711 34.71 34.175
23.103 35.731 40.18
15.673 38.083 39.832
36.882 40.547 49.364
13.66 33.36 32.794
14.809 38.243 37.098
13.34 31.349 36.055
13.306 29.126 33.31
16.462 37.18 38.64
12.197 30.8 36.117
12.961 29.962 33.025
29.49 43.245 51.491
17.385 32.86 28.952
35.816 45.743 51.07
13.15 32.418 32.918
24.985 33.072 28.364
12.524 35.196 35.79
21.742 39.618 50.887
12.881 33.158 32.662
12.347 31.355 27.351
13.533 31.138 28.242
12.284 28.997 27.354
15.832 37.663 26.259
23.971 30.846 46.973
33.202 35.744 46.157
24.953 41.837 53.808
27.736 32.101 36.18
33.502 35.162 49.175
20.413 51.783 38.557
12.841 33.973 27.063
12.935 30.665 24.356
11.12 32.655 33.294
34.462 35.266 53.103
16.166 29.236 36.186
13.815 38.226 40.589
16.662 32.397 38.994
23.799 30.707 34.788
13.401 27.604 31.14
14.843 33.376 22.496
11.939 34.81 34.386
13.231 27.832 29.435
10.157 32.729 29.992
10.473 26.509 32.407
50.027 50.011 70.452
22.824 28.938 39.687
16.895 34.915 34.982
18.721 41.493 45.458
12.03 30.186 33.961
17.9 38.616 39.953
19.255 34.549 39.795
13.695 34.761 27.785
11.631 30.425 30.557
12.945 31.379 30.492
22.244 34.098 37.107
12.788 29.08 32.066
15.186 36.46 38.246
13.533 30.639 27.691
24.627 43.856 51.069
12.836 28.522 27.999
11.086 27.402 32.23
12.272 30.732 25.192
12.8 27.773 32.314
13.667 30.741 37.117
15.904 34.153 35.525
22.012 41.957 41.746
12.679 29.24 28.245
15.026 30.796 31.369
16.83 35.373 42.414
14.585 31.093 35.027
34.292 45.626 50.986
17.34 37.874 30.544
11.208 26.657 39.796
11.596 30.909 30.401
15.657 36.575 38.359
14.003 30.573 25.968
17.671 46.143 45.158
27.761 42.444 49.059
9.941 32.591 32.374
10.808 30.437 30.224
15.917 26.288 43.176
34.739 37.452 46.794
25.219 31.177 40.766
40.413 46.61 60.234
15.732 38.802 30.744
43.299 42.814 62.902
19.315 35.155 44.599
32.513 35.003 47.053
18.039 30.596 45.559
13.58 34.604 34.098
32.945 38.735 37.929
18.141 36.998 41.179
12.817 27.576 37.099
12.452 35.394 37.111
13.128 34.287 39.23
31.391 34.451 42.197
13.97 35.756 33.961
16.246 40.611 40.371
20.319 38.385 48.59
27.973 32.706 35.875
13.84 26.69 40.954
14.429 36.156 31.784
14.67 37.563 32.199
17.949 31.29 31.097
13.188 33.247 27.583
16.5 40.217 40.561
12.289 34.379 31.324
34.343 48.071 60.445
13.278 34.452 31.132
22.911 30.827 43.678
12.205 32.602 32.505
12.388 28.039 31.377
15.309 28.281 38.825
14.027 27.837 34.808
29.962 43.254 47.088
13.508 34.736 31.173
20.132 39.771 42.909
12.126 29.99 30.806
22.289 34.945 42.7
23.344 37.55 36.455
15.778 33.217 35.164
11.523 27.615 30.181
13.755 35.163 36.928
41.641 62.529 82.533
15.385 35.551 36.994
19.549 31.294 32.568
10.093 27.888 34.641
