2.624 42.889 35.85
4.724 41.177 31.529
16.652 54.906 40.493
7.366 40.98 31.928
10.285 39.004 33.957
14.997 39.342 31.58
11.987 41.24 29.92
12.393 38.047 29.398
11.928 40.114 29.949
13.548 38.384 30.75
15.643 45.098 32.807
8.78 47.768 38.853
13.223 41.021 30.113
17.096 48.056 35.082
11.998 39.155 32.151
15.162 39.389 33.679
11.763 42.105 34.532
15.303 45.869 32.91
12.915 42.898 32.679
15.952 42.855 32.483
11.37 37.945 31.302
1.168 44.875 30.84
16.133 44.715 40.713
5.388 40.606 33.688
9.029 53.65 38.354
15.142 39.068 35.229
11.748 38.421 30.272
12.173 38.098 33.401
15.168 39.096 32.479
14.037 41.501 38.531
14.861 38.582 34.422
9.904 41.821 29.948
11.207 38.239 30.624
10.115 42.81 31.891
16.289 40.953 33.731
13.813 42.514 31.32
9.461 40.272 30.152
13.629 37.341 30.482
12.136 38.471 29.479
17.817 49.664 36.356
2.123 44.65 29.939
13.311 41.519 34.34
15.052 42.32 37.193
12.624 38.133 34.196
12.717 38.587 35.257
12.474 39.619 30.81
4.277 42.958 37.036
6.38 40.425 33.595
14.159 43.406 31.616
11.622 38.883 29.826
13.608 47.344 35.634
13.886 38.234 33.586
6.644 47.34 36.865
8.591 38.649 32.539
13.24 42.772 31.811
15.517 41.168 36.5
15.027 40.866 31.458
13.344 40.371 30.071
1.763 55.21 41.609
13.162 44.121 33.832
5.299 41.867 30.966
7.943 40.733 29.425
15.963 40.133 35.079
14.572 40.019 31.235
8.031 39.114 33.777
15.37 42.013 33.21
16.453 50.467 35.534
14.908 41.715 31.929
4.154 44.66 36.205
16.535 42.913 33.676
15.243 39.939 38.019
5.405 40.394 34.447
5.968 50.906 41.612
16.13 41.091 33.269
15.542 39.605 32.34
17.417 42.952 36.662
9.197 42.377 29.57
15.779 40.317 35.168
8.882 42.733 29.81
13.06 38.005 29.646
9.191 49.849 37.624
15.484 40.362 32.338
13.15 38.941 29.753
15.951 46.178 38.661
15.072 42.707 36.348
17.445 43.151 35.351
7.479 38.755 33.718
6.129 39.977 30.763
11.029 41.392 29.784
10.317 42.375 29.715
11.052 38.73 30.465
11.882 38.01 33.689
8.832 46.066 32.258
12.772 40.279 34.941
15.243 39.903 37.839
14.613 40.053 34.497
7.001 41.989 35.328
15.347 39.139 33.943
4.942 39.507 32.87
13.368 41.261 35.679
15.287 39.124 34.806
3.924 41.418 30.45
13.033 40.827 30.241
11.528 38.606 30.28
16.986 48.138 44.163
16.972 45.814 34.776
14.741 41.003 30.968
14.517 42.798 38.176
9.965 39.235 29.793
16.446 49.617 35.369
16.831 41.938 34.862
16.43 47.063 39.099
14.185 39.699 33.751
11.115 38.07 32.721
13.682 39.007 30.305
16.559 42.028 34.427
5.392 42.426 34.201
15.256 49.299 38.461
15.543 39.857 36.333
15.412 42.734 33.979
13.695 38.588 33.078
13.736 38.945 30.102
9.028 45.378 30.806
13.073 42.653 31.423
2.34 45.209 33.844
8.987 42.255 34.078
8.74 49.359 34.092
5.791 43.144 37.669
15.674 40.438 33.067
9.986 42.423 34.405
15.693 39.874 36.161
14.023 48.902 36.137
13.493 38.254 33.154
11.877 40.988 30.616
8.75 39.867 31.793
10.874 41.094 30.688
13.798 40.971 33.312
6.229 44.624 32.498
15.613 42.27 36.752
12.05 37.753 30.359
14.321 42.777 32.643
16.808 44.556 35.361
11.615 42.691 34.109
15.1 48.582 42.225
5.883 41.65 31.16
7.739 40.287 30.195
15.342 40.46 33.558
15.244 48.455 33.853
18.005 44.051 37.431
14.222 37.931 32.908
10.276 38.962 31.997
14.178 41.534 30.964
15.436 46.504 33.515
13.753 38.262 33.664
13.063 37.421 30.879
13.025 38.841 30.098
10.739 39.425 32.456
12.234 38.248 30.292
13.389 39.299 31.283
8.966 39.998 29.973
14.094 40.241 33.84
8.765 39.925 29.471
1.489 52.621 38.715
9.586 39.667 30.132
13.315 37.903 33.236
11.253 38.554 30.783
12.774 37.933 33.17
13.956 42.485 33.838
11.103 39.157 30.332
7.131 43.497 32.228
